6457
7037
57403
3134
50807
93343
11311
8766
5584
137492
998
30011
5337
3312
155
10015
55738
57132
153
116986
163
11267
1950
3559
6714
84249
2066
29924
1213
30846
84612
440073
2060
3303
3561
9101
51160
56904
3304
23527
5878
3560
7189
3949
92421
26286
5979
9922
11031
116983
2261
9230
5867
64145
867
57154
84313
3577
116987
10617
1436
200576
83737
23396
3310
5590
3133
382
6456
30845
868
2264
5868
84440
116984
5869
23624
22841
161
23096
5338
652614
84552
51028
55616
9829
3815
29082
9135
23362
9146
128866
156
8218
89853
154
64744
9525
84364
9727
23550
8853
1956
8395
6455
64411
5156
51100
8027
408
3305
51534
2868
9744
3106
51652
3265
27243
10938
60682
157
26056
10059
2321
80230
1173
1175
160
3306
3135
1234
2149
8411
3791
51510
23327
409
11059
3579
27183
8396
1601
1211
3480
9815
26119
64750
26052
4914
25978
8394
1212
30844
131890
79720
7251
50855
116985
5662
2870
10193
1785
155382
652799
22905
3105
55048
10254
55040
7852
1759
4193
2869
2065
6011
4734
28964
4233
80223
79643
3107
2263
56288
